20 20 800 800 99
0001 0001 0001 0001 0003 1002 0002 0000 0000 0002 1003 0003 0001 0001 0002 1002 0001 0000 0001 0001 
1001 0002 0002 1002 0004 1003 0004 0001 0001 0002 1003 1004 0002 0003 1003 0003 0001 0000 0001 1001 
0002 0003 1002 0002 0003 1002 0003 1002 0003 0003 0003 0003 1003 0005 1004 0003 0000 0001 0002 0002 
1002 0003 0003 0002 0002 0001 0002 0002 1003 1002 0002 0002 0004 1005 1004 0002 0001 0002 1002 0001 
0002 1002 0002 1001 0001 0000 0001 0003 0004 0003 0002 1001 0003 1003 0003 0001 0001 1002 0002 0001 
0002 0002 0002 0002 0003 0002 0003 1003 1003 0001 0002 0002 0003 0002 0002 0001 0002 0002 0002 0000 
1001 0002 0001 0002 1002 1002 0003 1003 0003 0001 0002 1002 0002 0001 1001 0001 0001 1001 0001 0000 
0001 0002 1001 0002 0003 0003 0003 0002 0003 0002 0004 1003 0004 0002 0012 0001 0001 0002 0002 0001 
0000 0001 0001 0001 0001 1001 0001 0001 1003 1003 0005 1004 0005 1002 0012 0001 0001 0001 1001 0001 
0001 0001 0001 0000 0002 0003 0004 0004 0005 1004 0004 1003 1005 0003 0004 1002 0002 0002 0002 0002 
0001 1001 0001 0000 0001 1002 1003 1003 1004 0003 0003 0002 0004 1004 0005 1004 0003 0003 1002 0002 
0002 0003 0002 0002 0003 0004 0005 0005 0005 1003 0001 0000 0002 1003 1005 0004 1004 0004 1003 0002 
1001 0002 1001 0002 1002 1003 0003 1003 1003 0002 0001 0000 0002 0004 0005 1004 0003 1003 0002 0001 
0001 0002 0001 0002 0002 0003 1003 0004 0003 0003 0001 0001 0001 1002 1003 0002 0002 0002 0002 0001 
0000 0000 0000 0000 0000 0001 0001 0003 1003 0004 1002 0001 0001 0003 0003 0002 0000 0001 1001 0001 
0001 0001 0001 0000 0000 0000 0000 0002 1003 1004 0002 0002 0001 0002 1001 0001 0000 0002 0002 0002 
0002 1003 0003 0002 0001 0000 0000 0001 0003 0003 0002 0002 1002 0003 0001 0002 0002 0003 1002 0001 
1002 0004 1004 1004 0002 0001 0000 0000 0001 1002 0002 0004 1004 0004 0001 0001 1002 1004 0004 0003 
0002 0005 1005 0005 1002 0001 0001 0001 0002 0003 1003 0005 1004 1004 0001 0001 0002 0003 1003 1002 
0001 1003 1003 0003 0001 0001 0001 1001 0001 0002 1002 0004 1003 0003 0001 0000 0000 0001 0002 0002 
